<?xml version="1.0"?>
<opencv_storage>
<rms>5.0018853749889569e-01</rms>
<rmsL>7.4331222438149311e-02</rmsL>
<MtxL type_id="opencv-matrix">
  <rows>3</rows>
  <cols>3</cols>
  <dt>d</dt>
  <data>
    8.2399296386896219e+02 0. 3.0015439427621925e+02 0.
    8.2391319231642660e+02 2.3618575770002195e+02 0. 0. 1.</data></MtxL>
<DistL type_id="opencv-matrix">
  <rows>1</rows>
  <cols>5</cols>
  <dt>d</dt>
  <data>
    -5.5667707576746092e-03 9.9140180272790790e-01
    -7.5194486376132803e-04 3.4572430278674831e-03
    -3.2312726624419112e+00</data></DistL>
<NewMtxL type_id="opencv-matrix">
  <rows>3</rows>
  <cols>3</cols>
  <dt>d</dt>
  <data>
    8.3105627441406250e+02 0. 3.0113649955288565e+02 0.
    8.2597772216796875e+02 2.3559609617693968e+02 0. 0. 1.</data></NewMtxL>
<rmsR>8.1027334385314329e-02</rmsR>
<MtxR type_id="opencv-matrix">
  <rows>3</rows>
  <cols>3</cols>
  <dt>d</dt>
  <data>
    8.2837487141947281e+02 0. 3.4012914006405310e+02 0.
    8.2786216666558403e+02 2.3609796647053787e+02 0. 0. 1.</data></MtxR>
<DistR type_id="opencv-matrix">
  <rows>1</rows>
  <cols>5</cols>
  <dt>d</dt>
  <data>
    -1.8430926849955557e-03 9.2239921772870381e-01
    1.0861954584264527e-03 9.9037219817932299e-04
    -2.8840834047570061e+00</data></DistR>
<NewMtxR type_id="opencv-matrix">
  <rows>3</rows>
  <cols>3</cols>
  <dt>d</dt>
  <data>
    8.3555114746093750e+02 0. 3.3951088339519629e+02 0.
    8.2995275878906250e+02 2.3588584227741376e+02 0. 0. 1.</data></NewMtxR>
<R_L type_id="opencv-matrix">
  <rows>27</rows>
  <cols>1</cols>
  <dt>"3d"</dt>
  <data>
    -9.1203613900934691e-02 1.4305344280395138e-01
    -1.5549011987013694e+00 -9.6264634086198800e-02
    1.0362320798916379e-01 -1.5676583982153138e+00
    -5.5078835080277971e-02 9.7334340300800584e-02
    -1.5662828627656267e+00 -1.3756895299704727e-01
    4.3073376445136251e-02 -1.5751284396960838e+00
    -7.8251616462286747e-02 1.4349796161426462e-01
    -1.5462264716076708e+00 -1.4470806469487546e-01
    8.1638492927747747e-02 -1.5656152293866668e+00
    -1.4419148256977352e-01 3.5892854505994785e-03
    -1.5638859443758502e+00 -3.3613161397491170e-01
    -2.0040445068611695e-01 -1.4916217190320418e+00
    -6.0397758480948061e-01 -5.0066533264771440e-01
    -1.4808160268986548e+00 -6.5043921786323444e-01
    -5.2026400207094792e-01 -1.4540843271971675e+00
    -8.5380014700819989e-02 -1.2100745127856187e-01
    -1.5555741726108625e+00 -5.2433659015283893e-02
    9.7820442689106973e-02 -1.5573553747214164e+00
    -5.0605582473882332e-02 -2.9737576994757448e-02
    -1.5643275279229494e+00 -4.4966036549550753e-02
    7.3937733823190438e-02 -1.5803452146949184e+00
    1.8193142392920962e-02 1.2749926437765302e-01
    -1.5837368602371615e+00 2.5400819872638009e-01
    3.4656162839497739e-01 -1.5947584991366983e+00
    2.0650385696273041e-01 3.6559558667119446e-01
    -1.5552432356080206e+00 1.3082877344486815e-01
    3.4326193637499913e-01 -1.6062865815125593e+00
    1.1903216636410098e-02 5.5025169412757743e-02
    -1.5654310216102205e+00 5.1448436372590778e-02
    7.2441699394932876e-02 -1.5858813353332342e+00
    -4.3885104491561869e-02 6.5813430473244117e-02
    -1.5473425648789796e+00 -2.7376486450235313e-02
    9.5943731406809923e-02 -1.5479662196784905e+00
    4.9108641404641072e-02 9.7919568516036615e-02
    -1.5462600161033784e+00 5.5433205517663925e-02
    9.8179518356477702e-02 -1.5648997664510913e+00
    9.2157134554602550e-03 5.2029617495904470e-02
    -1.5693144182198004e+00 -1.6868873229600661e-02
    -9.2322944124057539e-03 -1.5700299333892713e+00
    -5.9957391974500902e-02 6.3350834553581828e-02
    -1.5623251440572576e+00</data></R_L>
<T_L type_id="opencv-matrix">
  <rows>27</rows>
  <cols>1</cols>
  <dt>"3d"</dt>
  <data>
    -1.9381453214439381e-01 2.1259088354654052e+00
    2.5002668888661947e+01 -2.5767977354062452e+00
    2.3087389789886359e+00 2.2174148413797216e+01
    -1.7207065498024823e+00 2.2314086348943567e+00
    2.0022901535585518e+01 2.8032734597616056e+00
    -1.0177612454132301e+00 4.1298407635994842e+01
    2.8829951859466396e+00 -4.7036801504688839e+00
    4.3321554401535899e+01 3.1780021580960693e+00 9.2800959921236970e-01
    4.0436689490954969e+01 3.8110872376408214e+00 8.9078111902136641e+00
    3.7964848182951030e+01 2.2285687940736754e+00 9.6989671705291993e+00
    4.0544685220391841e+01 -8.7617827684149574e-01
    8.4213957242103366e+00 3.5552143638591303e+01
    -6.0343678638726983e+00 8.0134522392365533e+00
    3.6126757677547459e+01 -6.5288973700508626e+00
    7.8590109818397034e+00 3.5739677990001510e+01
    -1.8822557967070861e+00 8.7937107326928343e-01
    2.1462783906451065e+01 -9.8429666552846875e+00
    1.8648654446952675e+00 4.4854266486334460e+01
    -1.0799674167771578e+01 -1.7228568891312588e+00
    4.5076475818618860e+01 -9.9440023668001611e+00
    -5.5463757897049897e+00 4.6806655913814545e+01
    -7.7464155770016063e+00 -4.4830059636986537e+00
    4.7820204790849402e+01 -1.5109458841779035e+00
    -4.6235587842541124e+00 4.6346811625116857e+01
    5.6558808978207029e+00 -4.2405299386652890e+00
    4.4408876988423387e+01 -1.5238856115756185e+00
    2.2065726173955404e+00 2.3760422080560282e+01
    -2.3136978558704531e+00 3.0347106097558738e+00
    2.1927265928260272e+01 -2.3078928456399956e+00
    3.8708361410366571e-02 2.0949857189328760e+01
    -2.4099744064541397e+00 1.8492019352613216e+00
    2.2144311049668659e+01 -2.7529170173200637e+00
    4.4859618060792759e+00 2.3187074420189262e+01 1.7929891958004529e-01
    4.4541214209946691e+00 2.3854781401084225e+01
    -9.9707291508190832e-01 2.3671189463687643e+00
    2.2858654806845106e+01 -1.0108794879496079e+00
    -1.5442956060260682e-01 2.2551368033215052e+01
    -2.9493509608340172e+00 2.6853866314071412e-02
    2.2982778901882753e+01</data></T_L>
<R_R type_id="opencv-matrix">
  <rows>27</rows>
  <cols>1</cols>
  <dt>"3d"</dt>
  <data>
    -1.0106705932478725e-01 1.4334282833677228e-01
    -1.5653264857659279e+00 -9.9887185840998510e-02
    1.0525990023496441e-01 -1.5760805071324169e+00
    -6.0649457414336375e-02 9.5501947253576608e-02
    -1.5763013606784479e+00 -1.4375241251015419e-01
    4.4070820810327871e-02 -1.5837389033636946e+00
    -8.8519112542348580e-02 1.4278176696493769e-01
    -1.5545489518065407e+00 -1.5737838572479407e-01
    7.6874665282997912e-02 -1.5733678066953229e+00
    -1.5309583559939360e-01 -4.3908101410898500e-04
    -1.5723695556929700e+00 -3.3943466641451187e-01
    -1.9564349271145126e-01 -1.5000826153526390e+00
    -6.1196057950823335e-01 -4.9907352598310162e-01
    -1.4879766667350607e+00 -6.5916820488044003e-01
    -5.2048642525342692e-01 -1.4601905611811250e+00
    -9.1768255260157514e-02 -1.1865633397908674e-01
    -1.5637968324897553e+00 -5.7757250290138153e-02
    8.8668257137906339e-02 -1.5650097978596500e+00
    -5.4197668440010310e-02 -3.2505836196563248e-02
    -1.5715739280835759e+00 -5.0374200588243226e-02
    7.4628996691854577e-02 -1.5895827419384225e+00
    8.8103609485000855e-03 1.2542915887423142e-01
    -1.5929326169763875e+00 2.5041711255425469e-01
    3.4688594216141866e-01 -1.6055611888408361e+00
    2.0307342128466327e-01 3.6458298425197894e-01
    -1.5659455131148392e+00 1.2310238416859236e-01
    3.3818641691785245e-01 -1.6162041881998808e+00
    5.8010642344040724e-03 5.3420298577922312e-02
    -1.5759704804728172e+00 4.1314126144397362e-02
    7.0093838382342330e-02 -1.5949833034517356e+00
    -5.1965347797165107e-02 6.3624270245841719e-02
    -1.5563433104108257e+00 -3.3707275334296107e-02
    9.4305064924183390e-02 -1.5570765726812523e+00
    4.1338454703680673e-02 9.7644620371503926e-02
    -1.5562742557568516e+00 5.7814905601546819e-02
    9.5979399416382186e-02 -1.5744066218057644e+00
    1.7817419492092298e-03 4.3847789021279879e-02
    -1.5778966693832475e+00 -2.5497217680593352e-02
    -1.0712931142834992e-02 -1.5789213557643500e+00
    -6.7538465180551371e-02 6.0668335549035002e-02
    -1.5720111513324999e+00</data></R_R>
